"v1" "v2" "s1" "s2" "c1" "c2"
-0.74 -1.2 0.05 -1.75 -1.02 0.2
3.16 1.73 -1.64 0.75 0.34 -1.46
-0.05 -0.97 -3.1 -0.64 1.71 0.12
1.49 -0.87 -0.75 0.92 -0.75 0.28
0.44 -0.89 -0.21 0.27 0.4 0.48
0.11 -0.53 0.84 0.78 2.85 1.82
-0.51 -2.62 -1.77 0.04 1.58 -0.21
-0.51 2.81 -0.19 1.37 0.2 1.44
0.46 1.5 0 2.29 0.16 0.05
1.08 1.43 1.12 -0.74 -0.84 1
-0.2 -1.08 -0.96 -1.01 -0.23 0.58
-1.44 -0.94 -1.92 -0.99 1.97 -0.48
-2.36 -2.54 -1.11 -1.31 1.33 -1.44
-3.34 -2.62 -0.54 0.04 2.69 2.07
-0.39 -0.97 -2.22 -1.31 0.1 -0.37
3.38 0.72 0.15 -0.18 1.17 0.88
-0.5 0.77 -0.73 2.12 0.56 0.3
1.17 0.02 1.1 -0.6 0.21 0.61
0.23 -0.18 0.63 0.51 0.1 0.35
0.75 -0.59 0.28 -1 1.21 2.04
-0.47 0.19 -1.18 0.67 2.05 -0.27
0.11 2.24 -1.87 1.62 -0.04 -0.32
-0.27 1.49 0.4 0.42 -0.98 0.34
2.17 -0.78 3.28 1.83 1.63 1.08
1.22 -4.98 -2.57 -1.01 -0.35 0.53
0.64 0.97 1.39 1.79 -0.92 -3.24
0.3 0.6 0.65 -0.89 -1.53 0.03
-0.08 0.93 -0.94 -0.98 1.77 -0.48
0.23 -0.46 -0.51 -0.65 -0.86 0.54
0.28 0.08 1.28 1.81 -1.94 -1.71
-0.05 0.54 -0.13 -0.73 -0.18 -0.11
2.17 0.41 -0.17 -0.38 2.12 0.13
0.8 1.06 1.68 1.06 -1.13 -1.38
2.13 1.64 1.24 0.01 -1.12 -1.06
-0.78 -0.7 1.21 -1.32 1.07 -0.49
0.72 -1.29 0 -0.86 1 0.3
-0.6 0.08 -0.09 -1.1 2.42 -1.02
0.66 1.55 1.58 1.29 2.01 1.47
-0.75 -0.79 -2.4 -0.69 0.78 0.01
0.2 1.2 1.14 -0.88 -1.91 0.9
1.78 0.02 0.5 2.86 0.84 0.52
0.39 1.16 0.42 0.32 0.56 0.78
0.69 -0.85 0.82 0.71 1.9 0.31
-1.54 -2.55 0.55 1.35 -0.16 -0.48
2.19 -0.77 0.35 -1.94 1.4 0.8
1.39 0.08 -0.47 -0.15 0.62 0.36
-0.84 -0.49 2 -0.2 2.66 0.79
-0.36 -1.33 1.21 0.46 -0.43 0.79
-0.1 1.07 -1.34 -0.78 3.76 1.58
1.9 1.56 -0.28 -1.74 -0.05 0.72
-0.02 -0.41 -0.53 1.61 -0.96 0.4
1.61 1 0.01 -0.34 -1.43 -1.14
0.45 -2.1 -2.87 -0.98 0.19 -1.35
-0.84 -0.72 0.8 1.28 -1.29 -1.11
0.23 -0.95 0.06 0.83 -1.22 0.04
-0.15 1.17 1.04 5.21 -0.13 0.02
0.56 -2.05 0.02 -0.82 -1.45 0.39
-1.23 -1.01 -0.78 -1.57 -1.6 -1.24
-1.57 -0.18 -0.62 -0.96 0.72 0.41
1.94 1.04 1.2 1.71 0.35 1.28
-1.38 1.58 0.98 -0.3 0.64 0.89
-1.27 -2.1 2.12 1.86 0.64 0.37
1.77 0.35 0.93 -0.35 0.48 1.22
-1.11 -1.53 -0.43 1.58 0.32 0.08
0.54 1.7 -1.29 0.87 1.22 -1.68
0.34 2.82 0.85 0.45 1.04 -0.27
0.55 -1.77 -1.58 -2.23 0.58 -0.35
0.48 2.64 0.76 0.34 -0.2 -0.35
1.07 2.65 1.91 -1.06 -0.89 -1.9
0.62 1.38 -2.05 -0.5 -0.13 0.9
-1.02 1.18 -0.82 -0.99 -1.55 -1.11
1.34 -0.22 -1.18 0.02 0.15 0.23
-1.09 -0.11 -0.91 -0.15 1.28 -0.67
2.01 0.46 1.32 3.44 0.88 2.12
-0.51 1.23 -0.95 -0.17 0.61 0.56
0.9 -1.08 0.67 3.32 -0.17 -1.08
-0.07 0.79 -0.67 0.29 -1.63 0.11
0.33 -1.65 -0.05 -0.67 1.36 -0.61
-0.75 -1.21 -0.92 0.61 -1.02 0.98
-1.71 -3.67 -1.58 -2.25 2.08 1.56
2.1 2.91 -0.35 1.92 -0.55 -1.43
1.62 -0.34 -0.69 1.48 -2.79 -0.99
0.61 2.82 -1.14 -0.8 -0.41 2.32
-0.51 -0.36 -1.98 -0.39 -0.24 -1.23
0.13 -0.17 1.45 0.25 -0.88 -1.14
0.2 -2.38 -0.44 -1 -0.93 0.51
0.41 0.04 -1.41 0.3 0.65 2.15
-0.93 0.48 -0.62 1.16 -0.18 0.63
-1.05 -0.12 -2.04 -0.08 0.74 0.46
0.07 1.68 0.64 1.25 2.7 -0.61
1.63 0.15 0.11 1.1 -1.42 0.88
2.17 1.64 0.22 -0.1 0.38 0.69
-0.61 0.47 1.49 0.26 -0.35 1.3
2.03 1.19 -1.27 0.17 -1.81 -0.26
-0.51 3.31 0.49 -0.74 -0.51 0.82
0.72 -0.4 -0.92 0.61 -1.18 -0.39
-0.39 1.52 -1.75 -2.47 1.44 0.9
-1.16 -2.26 0.88 -0.65 -0.08 -0.39
-0.79 0.58 1.28 1.69 -0.6 -0.63
-2.03 0.37 -3.28 -1.87 2.17 -0.26
1.71 -0.14 1.89 0.22 1.58 1.59
-1.05 -1.38 -0.11 0.55 0.62 -0.26
0.94 0.93 -1.24 1.46 0.59 -1.67
1.75 0.62 2.31 -0.91 -1.87 -1.99
-1.96 -0.04 -2.14 -0.92 -0.75 -2.91
0.63 -1.04 -0.47 -0.85 0.29 0.24
-0.23 -3.08 -0.59 -1.07 -0.28 1.37
-0.53 -2.43 -0.13 0.85 -0.78 0.23
-1.57 -2.2 0.35 -0.52 1.68 1.21
1.32 -0.14 1.45 1.18 -1.99 0.09
0.94 0.82 -1.18 0.44 1.18 1.19
2.47 0.76 -0.41 -0.35 -1.16 -1.99
-0.05 0.16 0.33 1.45 -1.27 0.87
-0.68 -1.01 -0.69 0.79 1.7 0.96
-1.72 -2.07 -1.84 -1.85 -0.89 -2.11
-0.02 1.3 -0.5 2.02 -0.04 2.21
0.24 -0.39 -1.78 -1.26 0.95 0.53
0.98 1.1 0.24 -1.27 0.17 0.92
0.21 -1.18 -0.41 -0.55 -1.02 -2.08
-1.03 1.03 -1.58 -1.59 0.85 0.74
-0.18 0.31 -0.34 0.2 -0.43 -0.36
1.18 -0.05 1.52 -0.27 0.48 -0.39
1.82 2.6 1.69 0.48 1.82 -0.66
-2.46 -2.36 -0.86 -0.14 -0.18 -0.36
2.33 0.59 1.08 2.55 -0.77 -0.74
-0.72 -0.78 0.88 0 -0.01 0.68
2.39 1.89 -0.69 0.86 1.13 0.8
0.07 0.83 -0.53 0.34 -0.49 0.04
1.16 0.54 0.61 0.11 -0.11 -0.51
2.37 0.89 2.3 2.57 -0.16 -1.11
-2.97 -1.5 -0.59 -2.31 -0.73 -1.16
-0.1 0.56 -0.26 0.45 0.79 0.87
0.63 1.84 -0.33 0.41 0.33 0.58
-1.54 0.53 0.41 1.45 -1.08 -1.35
-0.02 -0.36 0.4 1.7 -0.54 1.51
1.04 2.82 -1.14 0.16 0.81 0.95
2.36 2.1 -0.57 -0.55 1.25 0.95
-0.99 -0.26 -1.75 -0.56 -0.62 -0.77
0.09 0.45 1.38 0.39 -0.32 -2.16
1.58 2.11 2.29 1.79 0.81 -0.12
0.59 0.56 -3.09 -1.48 0.8 0.98
0.37 0.56 -0.6 -0.97 -0.44 -0.24
-2.73 -0.99 -2.09 -0.81 0.66 0.85
0.17 1.92 0.08 0.57 1.27 2.18
-1.68 -2.35 -1.33 -1.16 0.84 -0.61
3.04 1.29 0.41 0.12 1.16 0.02
3.28 1.8 2.13 0.38 0.43 -0.05
-1.35 0.34 -1.07 0.78 -0.03 -0.38
-0.24 -0.75 -0.28 1.17 -0.29 -0.67
-1.84 -0.51 0.4 0.24 -0.17 -1.62
-1.29 -1.69 -1.85 -0.78 0.11 0.62
-1.49 -0.42 -0.45 -0.37 0.94 -0.37
0.7 -4.19 -0.66 0.02 -0.88 -1.51
-0.88 1.23 1.11 1.4 0.93 -0.2
-0.84 -2.33 0.69 -0.64 -0.77 0.28
0.67 1.29 -1.55 -0.52 0.36 1.15
-1.45 -0.05 0.38 1.48 -2.01 0.91
-0.2 0.03 0.89 -2.83 1.85 2
2.49 1.38 2.23 0.73 0.12 1.56
1.98 -0.16 -0.61 -0.17 0.03 -0.73
-1.92 -2.25 0.71 0.59 1.48 0.45
-1.78 -0.62 -1.56 -1.36 1.15 0.7
-0.51 1.88 0.47 -1.45 -1.11 0.63
0.27 0.32 -0.19 0.26 -1.9 -0.08
-0.34 -0.56 0.74 -0.76 0.65 -0.61
-0.09 0.11 0.24 -0.31 2.65 0.83
0.65 0.29 1.01 1.42 -0.51 1.68
0.8 -2.24 -0.21 1.19 -0.68 1.07
0.17 1.96 1.3 0.93 -0.12 -1.04
-2.57 -2.79 -0.79 -3.1 1.93 1.36
1.04 -1.96 2.25 2.73 -1.24 -2.03
1.01 1.63 0.27 -0.91 -0.61 -1.61
-0.54 0.92 -0.15 0.85 -0.17 -0.37
0.2 0.88 -1.02 0.93 -1.02 0.78
0.05 -0.81 -2.18 -0.96 0.55 0.69
0.98 -0.07 1.4 0.05 -2.14 -1.7
-0.91 -0.6 -0.04 -0.19 0.03 1.55
1.61 1.19 -0.71 -1.53 1.04 2
2.32 0.86 0.64 -1.84 -0.29 0.65
1.44 1.68 -1.15 -1.21 0.02 0.23
-2.8 -0.8 -2.14 -1.46 0.86 -0.11
-2.7 1.53 1.46 1.3 -2.03 -0.69
-0.54 0.27 -0.04 -3.42 -0.39 0.3
0.21 -0.2 0.09 -1.25 -0.96 -1.7
-1.11 -0.78 0.84 0.53 0.14 -0.61
-1.97 -1.73 -0.17 1.85 -2.02 -2.22
-0.27 -0.96 -0.5 0.05 0.98 0.14
1.23 0.51 -2.34 0.17 1.87 -0.43
-1.85 -0.37 -2.52 -1.38 0.7 2.02
1.76 -0.28 -0.43 1.47 -0.73 0.16
0.96 -1.83 -1.51 -1.45 2.49 -0.04
-0.99 0.91 -0.4 -1.33 1.47 2.18
0.69 -1.76 -1.44 -1.78 -1.3 1.1
0.7 1.92 0.41 -0.65 0.08 2.26
2.63 2.54 0.69 3.05 2.09 1.88
2.84 0.63 1.64 0.82 1.67 2.48
-2.97 -2.96 -0.53 -1.64 2.3 1.57
0.32 -0.75 1.35 -0.15 1.48 -0.93
-1.72 -2.11 -2.56 -1.75 0.33 -1
-0.49 -0.49 -2.7 -1.52 -0.59 0.63
1.15 0.02 0.27 -0.69 -0.21 -0.94
2.24 0.68 -0.2 -0.47 -1.05 1.35
-0.17 -0.9 -0.65 0.09 -1.26 0.17
1.31 0.62 -2.73 0.41 -1.37 1.24
-1.8 -0.87 2.62 1.56 -0.99 -2.55
2.62 0.34 -0.23 -1.31 -0.12 0.3
-1.41 1.29 -1 1.72 0.87 -1.32
0.28 2.69 2.74 2.41 -1.29 1
-1.39 -0.51 -0.26 -1.09 -1.16 -0.65
0.62 -1.87 -0.83 0.03 -0.28 -0.4
-0.66 -1.29 -1.02 0.51 -1.33 0.7
-1.28 0.11 -1.33 0.49 -0.83 0.32
-3.38 -1.46 -2.95 -0.65 -1.27 0
-1.54 -1.2 -0.45 -2.93 0.2 0.22
-3.7 -2.08 -0.13 -2.07 0.79 -1.73
2.04 0.69 -1.94 0.15 0.76 0.32
1.31 -0.96 0.66 -1.81 0.29 0.33
-1.87 -2.43 -0.89 -0.78 -1.16 -0.11
-1.71 -4.86 0.35 0.44 2 2.03
-2.44 -1.33 -1.66 -2.43 -0.01 -1.52
-0.59 1.08 1.12 1.01 1.5 2.59
-0.68 -1.09 -0.32 -0.88 0.04 -0.92
0.37 1.41 -2.54 -0.54 0.01 -0.06
2.14 0.88 2.5 2.21 -1.23 -0.42
0 0.55 -3.01 -1.4 0.48 0.46
0.19 -2.13 1.53 0.92 -1.46 0.68
-1.76 -2.1 -0.4 -0.12 -0.57 0.66
-0.57 -3.36 -1.25 -0.62 1.64 -2.02
0.83 2.41 0.24 -0.48 -1.25 0.88
-0.12 -0.15 -0.29 0.06 0.14 -0.75
1.41 0.89 -0.32 -0.54 0.78 0.09
-1.32 1.72 -1.91 -2.77 0.81 -2.12
-0.75 -0.43 0.16 -0.13 0.25 0.14
2.63 1.25 0.81 1.94 0.7 0.3
1.42 2.16 0.15 -0.19 1.65 -0.81
0.08 0.81 0.79 0.75 1.64 1.74
-0.22 0.07 -1.59 -0.32 -1.99 -0.85
0.35 -0.1 0.29 -0.53 1.36 -1.13
2.1 3.16 0.51 0.73 1.11 0.68
0.9 -0.1 -0.25 0.82 1.92 -0.4
-1.45 -3.65 -2.81 -1.17 2.42 0.47
1.66 -0.95 0.54 0.1 -1.69 -1.96
-1.79 0.27 -1.76 -1.74 2.06 -0.58
-0.24 -3.06 -0.91 -0.66 1.79 1.5
-1.76 -1.44 -0.67 -2.63 0.23 -1.1
0.17 -0.27 1.91 0.72 0.51 -1.85
0.57 0.94 0.75 0.96 -0.94 0.78
-1.53 -0.82 -1.17 -1.28 0.9 0.13
-2.34 0.18 0.14 -0.63 -1.14 0.76
-0.22 -1.23 1.21 -2.54 0.1 0.7
-0.88 -0.32 -0.94 -0.43 -0.29 -1.17
-0.04 -0.63 -0.69 -1.18 -2.11 2.08
-1.08 -1.61 -1.38 -1.19 0.52 0.38
-0.46 0.6 2.13 -2.71 1.18 1.6
-0.64 0.27 1.34 1.32 -0.27 0.01
-0.45 3.04 1.69 -1.39 0.18 0.21
-0.17 -0.39 0.32 2.3 0.83 1.24
-0.36 0.09 -0.05 -0.66 0.28 -1.4
0.45 2.33 2.59 0.55 -0.31 0.51
2.23 1.2 -0.64 -0.18 0.67 0.03
0.53 -0.4 2.01 1.49 2.18 1.45
1.71 1.42 -0.98 0.84 1.39 2.4
0.28 0.06 1.31 -2.09 0.69 0.4
-0.45 -1.39 -0.9 -0.16 1.5 1.24
-0.75 -1.11 -1.23 0.69 0.29 -2.08
-1.84 -1.07 -1.93 -2.49 -0.63 -0.51
-1.9 -0.21 -1.59 -1.88 0.76 0.66
0.83 1.39 1.3 -1.19 2.24 -0.28
-1.05 1.83 -2.06 -0.16 0.3 1.32
-1.12 -0.56 -0.91 0.9 -0.09 0.85
2.05 1.28 -0.56 0.72 0.47 0.14
-1.82 -0.74 -1.41 0.14 -0.72 0.1
-2.64 0.55 0.47 -1.31 -0.22 -0.7
0.16 1 -0.13 0.15 -0.67 -0.94
2.62 2.27 0.42 2.14 0.52 -0.57
2.32 -0.14 -0.03 -0.01 -0.89 -1.13
-1.81 -0.32 0.84 0.48 1.01 2.69
-0.27 1.06 -0.97 -1.91 -1.8 0.14
2.62 -0.25 0.01 2.66 -0.2 0.59
-1.25 -0.2 2.07 1.61 -1.09 -0.55
1.98 2.18 -0.91 0.24 -0.11 -1.72
-0.54 -3.38 1.07 -0.24 -1.71 -0.45
0.23 1.56 0.84 1.22 -1.25 -0.96
0.43 1.29 -1.62 1.07 0.7 0.72
0.79 0.32 -2.74 2.07 0.55 1.31
-2.22 -1.69 -0.94 1.28 -0.11 -0.63
-0.14 1.17 -2.15 -0.4 -2.17 -0.82
2.3 2.58 -1.14 -1.56 -0.4 -0.3
0.65 1.36 -0.95 0.67 1.19 -0.02
-0.14 2.52 -1.46 -0.3 0.34 0.96
0.93 1.67 0.59 0.04 0.26 -1.45
0.61 -3.16 -0.8 -0.93 1.09 0.13
-1.2 -1.39 1.25 -1.04 -1.16 1.77
-1.98 -0.54 -2.11 -1.54 0.44 -0.25
1.54 0.29 2.46 0.65 -0.33 1.69
-0.31 1.7 0.77 1.31 0.5 0.19
-3.03 -2.25 -1.94 -1.45 0.04 0.37
-1.25 -0.19 -2.47 -2.81 -0.67 -1.12
-1.32 1.22 0.16 1.38 0.21 -0.9
-0.75 -0.69 0.25 0.91 -1.7 -0.7
1.27 0.41 2.86 2.28 1.46 0.05
-2.78 -1.25 0.28 0.98 -1.25 0.28
-0.46 -0.2 1.5 -0.4 0.03 0.8
-1.17 -0.25 0.14 0.06 -2.67 -0.53
-1.69 -0.57 1.53 2.17 0.52 0.95
1.94 0.24 -1.83 -1.23 0.94 -0.99
1.43 -0.53 0.48 -0.85 -0.63 1.09
1.23 0.86 1.84 2.13 0.5 1.34
-0.98 -0.19 -0.15 -1.98 -0.58 -2.11
-0.77 1.27 -0.8 -1.03 1.29 0.07
-1.14 -0.19 -1.41 -1.21 -0.55 -0.29
1.03 -0.06 0.31 -0.62 1.08 0.7
1.47 0.34 0.1 -0.06 -0.92 -0.45
1.18 -1.72 -0.5 -4.65 1.03 0.07
0.86 1.89 0.14 -0.13 0.61 1.42
2.28 -0.69 2.39 1.81 -0.02 0.73
0.51 -0.26 0.88 0.04 1.25 1.34
2.14 -0.28 -0.6 0.71 -0.58 0.35
0.74 1.28 0.88 -0.51 1.35 -1.78
1.99 0.3 2.46 2.88 0.51 -1.9
-1.16 -1.06 -2.26 -2.36 -0.43 -0.37
0.87 0.85 -1.42 -0.53 0.09 -1.59
2.86 0.92 0.35 2.29 0.32 0.46
2.72 2.14 -0.38 -0.58 -2.42 0.19
-0.93 1.31 0.9 0.12 -0.72 -1.37
1.85 2.05 -1.56 0.47 0.33 -0.37
0.29 0.01 0.27 1.86 0.45 -0.79
-2.36 -1.41 -0.29 0.69 0.31 1.5
0.39 0.34 -0.34 0.66 0.22 0.36
-1.86 -0.71 1.66 0.88 -0.11 -1.03
0.22 -0.38 -0.69 -1.87 0.06 -0.87
0.73 1.53 -0.1 -0.09 1.45 -0.66
1.09 -0.03 -0.34 0.25 -1.37 0.11
-0.94 0.73 0.39 -0.79 -1.96 0.42
-0.54 2.27 2.52 -0.12 -0.03 2.67
0.92 0.37 -0.5 0.15 -0.29 -1.53
1.97 0.74 0.63 0.79 0.14 1.01
0.91 -0.72 0.75 0.36 -0.28 -0.94
-1.72 -0.38 3.13 -0.45 1.23 0.91
-0.42 -0.07 -3.02 -2.65 0.21 -0.4
-0.21 0.91 1.25 1.37 1.5 2.37
-0.53 -1.93 -0.28 -0.13 -0.58 0.14
-0.68 0.33 -0.61 0.63 -0.68 -0.59
-3.34 -2.1 0.18 -1.83 -1.37 0.22
0.6 1.24 1.66 1.65 0.23 -1.28
0.4 2.17 0.4 0.17 -0.68 0.81
-0.75 0.13 -2.48 -2.35 -0.94 -0.96
-0.31 -1.26 -0.64 -1.28 0.1 -0.96
0.11 -1.88 0.09 -1.23 -0.68 0.33
2.07 -0.12 1.14 1.47 -0.58 1.64
0.95 -3.15 -2.92 -0.12 -1.26 1.58
0.02 -0.2 -0.79 -1.17 2.83 0.84
0.24 1.14 1.14 0.2 1.86 -0.19
-0.77 1.47 2.3 3.12 1.53 0.5
-1.43 -1.23 -2.2 -1.66 0.71 0.51
-2.47 -1.56 1.06 -0.09 -0.3 0.35
-0.04 -0.38 0.87 0 0.9 0.87
1.36 0.75 -0.28 -0.38 -1.62 -1.13
-0.96 -1.96 -2.26 -0.26 -0.7 1.65
-0.43 0.21 0.1 -0.25 -0.06 0.56
0.55 0.89 1 -0.03 -1.78 -0.77
-1.63 0.14 0.63 -0.55 -0.86 -0.61
-0.66 -1.71 -0.49 0.04 0.93 0.64
2.62 -0.05 1.67 1.09 0.55 -0.56
-0.26 0.45 0.04 -3.25 0.11 1.32
2.21 3.44 1.67 0.35 -0.16 -0.81
0.61 -0.5 -0.1 0.11 -1.12 -1.5
-0.82 -0.24 -0.58 -3.37 0.07 0.1
0.98 0.44 -0.1 1.16 -2.26 1.04
0.4 -0.65 -0.49 0.75 1.19 -1.5
1.75 -0.75 -0.63 0.11 0.58 -1.26
3.06 1.73 1.55 1.44 1.31 1.75
0.48 1.29 -2.15 2.07 0 -0.42
-0.11 -0.69 0.12 -0.86 0.4 0.04
-0.63 0.17 0.86 0.19 1.2 1.29
-1.05 -0.34 -0.72 0.49 1.01 1.25
2.8 0.91 0.14 2.26 1.23 -0.03
1.27 0.52 0.96 3.13 1.7 0.18
1.08 0.07 -1.87 0.19 0.94 2.3
-0.74 0.49 -1.3 0.13 0.91 -0.28
-0.31 0.39 3.87 0.16 -0.1 -1.42
1.66 0.8 -0.08 1.81 -0.8 1.54
-2.4 0.56 -2.89 -2.28 -0.39 -0.48
-0.35 -1.35 0.43 -1.53 -0.24 1.23
-0.05 -1.97 -1.62 1.49 -1.55 0.74
-2.28 -2.5 0.89 -1.79 -0.41 0.42
2.89 1.29 -0.19 0.99 1.6 1.56
-0.12 2.4 -1.71 -2.81 -1.33 -0.45
1.28 -0.27 0.5 -0.37 0.85 1.14
1.14 -0.24 -1.94 -0.73 0.37 1
-0.67 1.26 0.91 0.8 0.02 1.08
-0.46 0.98 0.65 1.33 0.58 0.98
-0.16 -1.29 -3.26 -1.03 0.67 2.43
-0.8 0.34 0.67 -1.62 0.03 -1.08
3.25 -1.34 1.2 2.12 0.79 -1.12
-0.13 1.02 -0.07 -0.61 0.57 -1.25
-0.2 -2.2 -1.48 0.17 -0.09 0.18
2.21 -0.18 0.99 0.77 0.91 -1.85
0.84 0.88 1.88 -0.55 -0.1 1.09
0.32 0.01 1.43 -0.28 0.88 1.5
-1.35 0.01 -1.16 -0.08 -1.51 -2.35
0.44 1.61 1.2 0.54 -1.78 0.87
-1.49 -1.05 -2.96 -2.23 1.82 -0.67
0.36 -0.57 1.6 0.53 1.38 0.15
-0.24 1.19 -0.36 -0.63 -0.05 0.71
-0.26 0.95 0.9 1.23 -0.27 -1.05
-0.62 -1.57 0.05 2.02 0.14 -0.57
-3.85 -3.35 -0.41 -1.98 -0.62 -0.81
-1.57 -1.76 -0.33 -2.04 2.59 1.31
-1.92 -0.3 0.83 1.39 0.02 0.72
-0.34 -0.4 0.48 -0.84 -1.15 0.14
0.41 0.5 -0.58 0.18 0.67 0.28
-1.78 -0.72 -0.23 -2.32 -1.41 -2.46
-1.19 -0.29 -0.37 0.78 1.73 -2.38
-1.61 -0.92 -1.3 -1.07 -0.98 1.58
-1.34 -1.91 -1.85 -1.32 -2.01 0.02
-2.12 0.43 -1.92 0.52 1.89 -0.9
0.64 1.49 0.64 1.64 1.13 2.58
-2.33 -1 1.24 -2.95 -0.7 0.31
-1.01 1.84 2.3 0.15 1.55 -1.99
0.49 -0.75 -0.76 -1.71 -0.73 0.31
-1.83 0.32 -1.36 -2.83 2.31 0.89
-0.5 -1.58 -0.77 -0.04 0.71 0.05
0.55 0.57 1.84 0.03 -2.25 -0.56
2.6 4.06 3.24 1.28 0.26 -0.19
-0.68 -0.94 0.53 1.85 -0.86 0.88
-2.15 -1.1 0.43 1.17 -2.2 -1.24
0.48 0.59 0.11 1.14 0.14 -0.1
1.26 -0.25 -1.28 0.18 0.7 -2.85
-1.39 -0.05 1.31 1.82 -0.69 1.95
1.09 0.92 1.98 0.46 1.42 0.28
0.82 -0.28 1.42 1.75 -1.64 -0.25
1.28 -1.16 -0.16 -1.35 -1.58 -0.9
1.72 0.88 1.25 2.25 0.21 -1.18
-0.05 1.87 1.23 -0.27 1.59 1.58
0.93 4.4 0.04 0.68 -0.19 -0.53
-0.11 -0.02 2.84 0.06 -1.23 0.26
2.13 1.15 1.62 2.67 1.42 -0.23
-1.33 -0.92 -0.14 1.03 -0.34 -0.21
-1.57 -0.5 1.86 0.48 -0.01 0.6
1.48 2.34 0.58 0.13 -0.35 -1.25
-2.36 -2.51 1.1 1.19 1.19 1.84
1.09 2.67 0.07 0.36 1.63 0.25
0.02 1.94 0.7 1.77 0.22 0.41
0.73 -0.04 -1.31 -0.09 2.07 -0.04
0.74 1.98 3.37 4.08 -0.23 1.53
0.31 0.29 0.32 1.06 0.4 2.51
-0.48 -0.12 0.81 0.27 -0.32 0.22
-0.12 0.46 0.38 0.45 0.99 -0.95
-1.46 -1.22 0.59 -0.16 2.26 1.07
1.42 1.97 0.08 0.25 0.5 0.87
0.06 -1.74 -1.19 -1.18 2.34 1.13
0.64 -2.32 -0.28 0.06 -1.26 -0.51
-0.62 -1.49 -1.21 -0.42 0.47 0.29
0.85 -0.28 0 -1.31 0.74 0.95
2.13 -0.26 2.84 -0.65 -0.53 0.66
1.31 0.95 -0.66 0.15 -0.87 -1.11
-3.2 -1.8 2.13 0.86 -0.44 0.33
-1.52 -1.06 -0.09 1.48 -1.44 -1.45
-0.06 -0.15 -0.29 1.25 0.49 0.77
-2.08 -0.26 -0.28 -2.06 -0.35 -0.68
0.5 0.35 1.68 -0.2 1.64 0.29
-0.32 -3.06 -0.66 -0.97 -0.38 0.08
3.2 3.3 0.12 1.62 1.91 -0.91
-0.05 0.35 0.11 -0.06 -0.83 -0.81
0.06 0.89 0.54 0.73 -0.67 -1.07
1.83 0.43 0.95 0.75 -0.65 1.09
0.71 1.72 1.73 2.78 1.21 0.79
-1.24 -1.5 0.06 -1.17 1.01 0.77
-1.8 -1.91 -0.24 -0.67 2.19 -0.78
2.58 1.94 -1.73 -1.39 1.57 0.51
0.53 2.88 -1.54 -0.9 0.23 -0.2
0.44 2.13 0.33 0.54 0.2 1.12
-0.22 0.49 -1.35 0.45 -0.27 -0.35
-0.78 0.32 -0.03 0.05 -0.76 -0.48
-2 0.23 -1.17 -0.21 0.28 0.97
1.17 -1.1 0.9 2.37 0.59 0.14
-1.86 -0.49 -2.14 -0.28 0.07 -0.44
-1.65 -3.32 -1.49 -1.57 -0.02 -0.63
1.85 0.57 1.57 0.07 0.4 0.55
0.52 -1.53 2.08 0.35 -0.16 -0.96
1.76 1.42 -0.28 2.39 0.92 -0.59
1.28 -1.43 -3 -2.35 1.46 -0.87
0.82 -0.61 -1.23 -0.36 -0.2 2.09
-3.51 -2.28 1 -1.59 0.06 -0.42
1.24 0.21 -0.27 -0.44 0.56 1.47
-0.95 -0.16 0.42 2.85 1.23 -1.62
-2.05 -1.31 -1.59 -0.65 1.84 1.08
0.07 2.32 -1 -2.6 2.4 0.9
-1.85 0.67 0.47 -0.85 -1.16 1.12
-1.65 -2.03 -0.08 -1.61 -0.34 -0.34
0.1 2.65 2.23 1.76 -2.1 -0.18
-1.18 -0.72 -2.31 -1.8 1.24 -0.15
1.42 -1.58 -0.63 0.15 0.87 -0.36
0.56 -0.68 2.01 -0.56 -0.34 -0.55
1.69 0.71 -0.83 0.74 -1.47 -0.43
0.14 -0.47 -0.08 0.18 1.75 1.12
1.33 0.68 0.5 0.95 0.25 2.28
-0.82 1.21 1.3 1.43 0.21 -0.9
1.38 1.51 0.93 0.3 -0.32 1.29
-3.55 -1.84 -0.99 -0.22 -0.33 1.08
0.07 1.61 0.44 0.28 -0.97 1
-1.7 -2.1 -1.47 -2.25 0.91 1.8
-2.03 -0.24 -0.59 -0.41 0.8 1.13
0.33 0.15 1.24 0.96 1.82 0.35
0.08 -0.66 -3.1 -2.33 1.9 1.42
0.65 1.9 0.03 0.6 -0.75 0.95
-0.66 -1.52 0.39 -1.46 -0.47 -0.91
0.5 0.48 -1.99 -2.06 1.67 0.9
0.6 1.31 2.63 1.76 -0.44 0.01
2.26 0.74 1.57 1.87 0.89 -0.55
-1.07 0.44 2 4.03 -1.59 0.83
1.82 -0.06 -1.44 -0.68 -0.53 -0.42
1 0.47 -0.34 1.89 0.02 1.62
0.1 -0.66 -0.22 0.43 -0.07 -2.2
-0.26 -0.16 -1.98 -2.74 -0.66 -0.05
0.19 -0.01 0.59 0.21 1.66 0.77
-1.19 1.39 -1.65 0.31 0.57 0.63
-0.3 -1.54 -0.44 0.1 -0.4 -1.57
1.17 2.28 -1.15 1.92 -0.42 0.83
-0.73 -0.86 -2.49 -1.4 -2.34 -2.14
2.97 0.39 1.52 1.02 1.55 -0.36
2.17 2.32 -2.37 -0.98 -1.63 -0.33
-0.67 -1.43 0.35 -1.25 3.48 2.04
-0.42 1.4 0.3 0.86 0.77 0.76
1.7 1.02 0.17 1.87 -0.41 1.36
0.61 1.08 -1.53 -0.14 0.07 0.15
-1.55 0.36 1.91 0.06 -1.01 -0.52
-1.31 -0.56 0.8 1.28 -0.03 -1.52
-1.35 -0.8 -1.02 -0.78 -1.14 0.25
1.97 2.32 0 1.96 0.34 2.3
1.27 0.73 2.08 1.93 1.02 -0.48
1.3 -0.57 -0.36 -1.39 0 0.84
-0.41 -0.54 -2.04 -1.05 0.6 0.55
1.31 1.79 1.56 2.15 -0.47 0.85
-1.62 -1.76 -1.17 -1.43 -0.58 -1.29
-0.56 -0.26 -1.43 0.8 -0.91 -0.97
-0.51 -1.93 1.06 -0.02 -0.04 -0.09
1.08 -0.79 3.08 1.23 0.7 0.91
2.77 -1.59 -0.86 0.04 -1.66 -1.28
-0.58 0.07 -1.94 1.38 0.22 -1.44
-2.18 -1.9 -0.56 0.31 0.65 0.78
-1.53 -1.36 -1.79 -1.15 -1.71 1.01
-0.31 -0.86 -0.86 -1.26 -0.12 0.16
-0.52 -0.15 -0.18 1.51 -0.99 0.27
-2.51 -0.09 -2.14 -0.68 0.08 0.08
2.56 2.03 1.34 1.08 -0.06 -0.65
0.31 -0.82 -0.78 -1.65 0.36 -0.21
0.69 -0.39 -0.05 -0.01 0.44 0.98
-1.37 -1.55 -0.29 -1.56 1.55 0.5
-2.38 -1.24 -1.36 -1.18 0.43 -0.18
1.38 1.43 0.12 0.62 -0.1 -0.48
-0.12 -2.13 -0.83 0.22 2.17 0.18
0.91 -0.9 0.73 -2.91 1.1 -1.68
-0.25 -2.02 -0.41 -0.11 0.26 -0.82
1.75 -0.04 0 2.05 -0.35 0.26
1.58 0.56 0.16 0.39 0.6 -0.25
0.63 -1 0.05 0.77 1.37 1.61
2.74 0.85 2.53 2.16 2.48 2.57
2.89 1.62 0.27 2.07 0.89 -0.01
-1.85 -1.96 -2.05 0.17 1.2 -0.34
1.13 -0.92 1.03 0.98 0.75 -0.9
-1.56 0.06 0.29 -1.32 -0.63 0.89
-1.67 -0.77 0.66 -2.01 -1.48 -2.01
1.24 0.48 0.65 -0.12 1.62 1.79
-0.28 -1.26 1.82 -0.22 -1.58 0.15
-0.07 -2.61 0.49 -0.54 -3.27 -0.49
-0.43 -0.38 -2.98 -1.9 0.96 -0.97
-0.46 -0.1 1.63 0.05 0.82 -0.19
0.76 -1.11 -0.58 -0.79 0.35 0.58
-0.39 0.71 -0.75 -0.46 -2.16 -0.25
-0.76 1.9 1.83 -0.21 -0.16 0.83
1.81 0.93 -1.14 0.67 -0.75 -1.95
0.68 -0.95 0.8 0.62 -1.71 0.63
3.16 2.47 2.97 0.8 1.29 0.43
0.96 1.16 1.11 0.54 0.44 -1.83
0.87 2.47 3.37 1.71 -1.13 0.19
-2.3 -1.64 -0.63 -2.96 -0.91 0.78
-2.84 -1.43 -1.22 -0.47 0.62 0.09
-1.48 1.54 -1.02 -0.2 -1.48 -2.43
-0.75 -1.65 -0.13 -1.52 0.53 -0.27
-2.06 -3.16 -1.51 0.97 1.03 1.71
0.75 1.79 1.51 2.13 1.22 1.78
0.09 -0.61 -1.31 -1.84 0.55 -2.37
-1.87 1.9 0.92 1.17 -0.24 -1.34
0 0.35 -1.27 2.02 -0.7 0.28
-0.86 -1.08 -1.01 -2.76 0.06 -1.33
-0.57 1.44 -0.88 1.22 -1.3 1.08
-0.65 -0.3 -0.38 -0.95 2.5 -1.14
0.15 0.08 3.02 2.03 1.83 0.44
1.12 -0.85 2.52 3.39 -0.47 0.17
1.39 0.23 -1.77 -0.46 -0.48 0.21
0.41 0.26 0.22 0.04 -0.14 0.4
0.58 -0.04 -0.19 -1.29 -1.1 -0.19
-2.31 -2.94 -1.21 -2.15 2.12 -1.38
1.83 3.28 1.05 -0.56 -1.11 -1.22
0.17 0.85 -1.28 -0.63 -0.07 0.34
1 1.16 0.28 3 -0.31 1.05
-1.57 0.9 1.24 0.5 -0.03 -0.45
0.33 0.96 0.94 0.73 1.61 1.45
0.85 1.05 0.6 1.37 1.16 1.09
1.2 1.98 -1.19 0.52 -1.13 -0.42
0.25 -0.57 1.96 1.67 -0.03 -2.63
-1.07 0.29 2.04 -0.83 0.07 0.82
-1.03 -0.64 0.08 0.48 -2.64 -0.76
4.06 1.35 1.47 0.64 1.19 -0.26
-1.54 -0.38 -0.91 -0.74 0.78 1.03
-0.66 -1.14 -1.28 -0.52 0.02 -0.7
2.36 1.29 2.17 3.56 1.47 1.31
0.69 0.43 -0.85 -0.41 -0.09 0.1
0.49 0.78 1.64 0.87 -1.03 -0.72
-3.7 -1.22 -0.39 -2.24 2.53 -0.33
1.64 0.77 0 1.55 0.28 -0.2
1.11 -0.53 2.22 2.16 -0.13 -0.6
0.49 -2.25 -2.25 -0.68 -0.74 -0.95
1.19 0.59 -0.91 -1.6 -0.21 0.29
1.64 -0.82 -2.04 1.95 1.64 0.69
-0.63 -0.39 0.97 0.6 -1.53 -2.64
1.19 -0.89 -1.12 0.84 1.11 -0.66
-0.81 0.18 0.78 1.37 -0.56 0.8
-0.52 0.54 0.39 0.22 0.42 1.41
1.06 1.9 0.55 -1.73 0.52 1.16
-3.35 -1.62 -1.91 -1.26 1.64 1.64
2.41 0.64 1.36 1.29 -1.57 -0.74
1.14 0.19 0.38 0.12 -0.64 -1.54
-1.09 1.16 -0.07 0.11 1.14 0.78
0.22 0.69 -0.04 0.77 -0.7 -0.24
0.6 -0.16 0.21 -0.61 0.27 0.32
0.67 0.87 -1.2 -1.69 -0.18 -2.2
2.24 0.85 0.68 0.53 -0.78 -0.11
0.22 0.42 -1.32 -0.19 0.91 -1.92
-0.17 0.03 0.33 2.69 0.99 0.36
0.37 0.81 -1.93 -1.27 0.56 0.06
0.48 1.4 0.06 0.97 1.15 0.7
-0.47 1.36 0.05 1.71 -0.62 -2.27
0.84 -0.15 -0.02 1.06 -0.8 0.53
-1.6 1.45 1.27 1.71 -0.22 -2.03
3.69 2.61 0.61 2.01 -1.23 -0.2
-0.37 0.5 2.19 2.46 0.58 0.22
-1.54 -0.07 0.07 -1.33 1.39 0.52
-3.11 -1.48 -1.02 0.78 -0.17 -1.1
0.29 -0.57 1.68 1.08 0.3 -1.03
1.72 -0.04 -0.12 1.15 -1.57 0.17
-0.09 0.38 0.43 -1.19 0.34 0.06
-1.32 2.47 -0.08 -0.59 0.35 1.09
1.26 -0.2 2.21 2.44 -0.35 -0.28
-0.85 -0.48 -0.96 -1.05 1.52 -0.33
0 -1.01 1.77 0.63 1.38 2.56
-0.5 0.02 -0.34 1.46 -0.06 0.29
0.03 0.05 2.71 1.06 0.57 -0.98
-1.64 -0.02 2.47 -0.05 -0.55 1.19
1.62 1.36 2.55 1.24 0.12 1.04
1.05 -0.13 1.95 0.47 -0.36 2.04
-0.49 -0.06 0.24 0.38 2.26 0.13
-1.12 1.32 -2.67 -0.28 1.45 -2.54
1.17 -0.95 1.74 -1.09 0.62 -0.61
-1.79 0.55 -2.94 -1.29 0.96 0.85
-0.16 0.56 -2.02 -0.81 -1 1.64
-1.68 -2.03 -2.63 1 -0.33 0.2
0.4 -0.79 -0.12 0.18 1.42 1.48
1.78 0.02 1.84 0.39 -2.49 0.72
1.29 0.21 3.77 1.36 -0.81 0.32
-0.02 2.53 -1.02 -0.24 -1.42 0.01
-0.4 -0.28 -1.39 -1.19 0.48 0.69
-2.42 -2.77 -1.3 -1.9 -0.97 -1.19
0.88 0.86 -1.88 1.09 0.26 -0.32
2.74 1.08 1.68 0.4 -0.17 -0.11
0.48 0.7 -0.31 0.86 0.82 1.33
2.29 1.48 0.4 0.11 -0.77 1.21
0.82 2.01 1.39 0.69 -1.29 -0.34
-1.47 -1.37 1.42 -1.86 0.51 0.9
-0.53 -1.52 -2.53 -1.71 -0.03 -1.12
-0.03 -0.18 1.17 2.37 -0.81 1.8
-0.35 -0.1 -1.09 -0.68 0.1 2.35
0.39 0.04 1.8 0.13 1.17 -0.16
-0.76 -2.88 -1.53 0.55 0.79 0.84
0.72 0.62 1.67 0.74 -0.05 -1.45
-1.23 1.23 -0.64 -0.21 -0.79 -0.38
0 0.83 -0.01 1.72 -0.76 -0.08
-1.17 -1.43 0.01 -0.54 -1.86 -0.9
1.02 -0.73 -0.49 0.14 1.13 1
-2.42 -2 -1.71 -2.34 0.83 0.26
-1.11 0.08 -0.13 1.53 1.37 -0.83
-1.84 0.61 -0.55 -0.71 -0.3 0.27
1.17 1.98 1.16 -0.03 1.72 1.29
-1.27 -0.07 -1.6 -1.78 -2.17 -0.12
-0.3 -0.79 -1.2 2.5 -0.38 0.3
1.3 0.74 -0.37 0.17 0.78 -0.61
0.66 -0.5 -0.5 -0.42 2.15 -1.59
-1.08 0.16 -1.73 -1.58 2.54 2.58
-3.66 -1.2 1.02 0.23 -0.92 0.48
1.91 1.56 0.65 0.55 1.51 -0.45
0.29 0.55 -0.55 -1.46 1.92 -0.28
0.29 -0.54 -1.21 0.17 1.7 -0.06
1.02 0.92 -1.34 0.23 1.66 -0.09
0.6 0.88 4.01 4.07 -0.68 0.25
1.55 -1.6 -0.23 1.31 -1.1 -1.79
2.27 1.89 2.47 1.01 -0.5 -0.46
0.44 2.01 1.16 0.33 0.22 -1.79
-0.18 -1.66 -2.24 -2.92 1.77 1.41
2.01 -1.21 1.48 1.3 0.7 -1.51
-1.5 -2.72 -0.52 -1.28 -0.76 0.08
0.6 0.34 0.27 1.22 -0.45 0.35
3.7 1.27 -0.24 -2.13 0.62 -0.06
2.42 0.77 -0.4 -0.69 -1.44 -1.1
-0.39 -1.23 1.44 2.81 -2.12 -0.64
0.07 -2.19 -2.85 -0.3 0.39 0.87
2.97 -0.72 -0.07 -1.27 1.53 2.26
1.24 1.33 0.74 0.57 1.02 0.94
1.62 2.53 -0.13 2.9 1.68 0.93
-0.03 0.55 1.98 -1.42 -1.24 -3.67
-1.54 -1.73 -1.33 -0.71 2.1 -0.79
-1.16 0.66 -1.06 0.23 1.09 1.53
0.4 0.31 -1.51 0.78 0.01 0.02
-0.82 1.17 -1.23 0.14 0.46 -0.64
2.47 2.42 0.37 0.63 -0.15 -0.81
-1.63 -1.65 0.31 -0.22 -1.07 0.81
-0.21 -2.91 -1.98 -3.53 0.52 -1.1
-0.44 -0.32 1 -2.2 -1.4 -0.19
-2.18 0.57 0.86 -0.25 2.49 -1.82
-0.27 1.13 -0.34 0.44 0.66 -1.51
-2.43 -1.89 -2.23 -1.51 0.14 0.52
-0.13 -1.37 -0.14 0.06 -1.16 0.89
0.71 0.07 0.58 0.71 -1.32 0.38
-1.04 -0.61 0.82 -0.67 0.78 3.19
0.12 1.16 0.09 -0.26 -0.62 1.55
1.07 0.82 -0.6 1.03 -0.66 -0.6
-0.69 1 -1.71 1.18 -1.83 1.52
-0.1 -0.11 1.41 -0.43 -0.13 1.02
0.25 0.86 -1.48 -0.59 1.06 -0.49
-2.02 -0.86 1.41 -0.35 1.19 1.22
2.63 -0.46 0.9 0.72 1.6 1.96
-2.22 -1.9 -2.41 -0.57 1.88 1.99
2.3 0.26 -0.15 0.17 1.46 0.45
3.71 2.83 1.67 1.75 1.51 0.77
-1.34 -1.88 -1.3 -2.45 -0.19 1.98
-3.51 1.03 -2.41 -4.03 1.42 1.56
-0.62 0.99 -3.35 -1.99 1.31 0.76
1.29 1.05 2.89 3.02 -0.45 -0.58
0.52 1.19 2.57 2.11 1.66 0.93
-0.42 1.21 0.36 1.04 2.22 -0.36
-1.57 -0.76 0.23 1.03 0.43 -0.01
0.92 -0.21 0.4 1.47 0.79 -1.1
0.24 0.68 -0.1 -0.11 1.26 3.44
-1.96 -2.22 1.53 -2.63 0.6 0.07
0.07 1.36 -1.11 -0.19 0.08 -0.69
1.13 2.27 3.19 2.83 0.15 -1.14
-0.08 0.19 -1.41 -0.47 0.06 -1.38
0.75 0.58 0.41 -0.04 0.19 0.63
-0.09 -0.04 1.09 1.31 0.52 -0.31
-2.67 -1.73 -3.91 -2.54 0.26 -1.4
0.69 1.95 -1.08 1.06 0.65 -1.57
0.21 -1.84 -0.15 -1.05 -0.65 1.24
-1.05 -2.7 -3.45 -1.21 0.91 -1.45
-1.35 -1.19 -2.66 -1.04 0.17 -0.35
-2.32 -4.59 -0.58 -1.73 1.16 1.2
-0.52 0.72 -0.7 -1.47 0.56 0.13
-0.66 -0.17 -3.55 -1.38 1.51 -0.4
-0.82 0.39 -4.14 -1.51 -1.29 -0.58
2.5 2.3 1.42 0.28 2.15 1.82
1.21 0.12 0.57 -0.17 -1.08 -0.46
0.24 0.98 1.27 -0.01 -1.32 0.88
-0.17 -1.66 -0.48 0.72 1.49 0.94
-1.48 -0.3 -0.34 0.12 -0.06 -1.9
0.18 1.64 0.56 -1.65 0.23 1.46
-2.84 -2.18 1.72 0.96 0.6 -0.1
-2.51 -0.29 -1.82 -2.17 2.13 1.24
-0.63 -2.49 -3.26 -2.32 0.42 -0.23
-1.49 0.12 0.19 -0.55 0.61 2.19
1.53 2.53 0.2 -0.69 0.41 0.28
0.41 1.44 0.75 1.26 -1.61 -1.06
2.12 1.19 -1.65 -1.07 -1.49 -0.53
-1.57 -0.67 -1.51 -2.42 -0.54 1.08
0.03 -0.07 1.08 -0.88 -1.06 -0.92
1.17 0.87 0.77 0.78 2.13 1.41
0.77 1.94 2.52 1.9 -0.69 1.51
1.01 1.91 2.64 1.15 -0.02 1.46
1.79 2.13 -0.87 -1.43 -0.37 -1.91
1.6 0.59 -1.35 -1.14 1.27 -1.27
-2.27 -2.96 -0.45 0.12 0.77 -1.88
-0.58 0.22 0.83 -0.12 -0.36 0.32
0.39 -0.27 -2.15 -1.16 1.94 1.69
-2.54 -1.91 -0.88 0.62 0.91 -0.95
1.06 0.45 -1.35 -1.66 -0.63 -1.11
0.3 -0.87 1.67 2.94 -0.96 -3.1
0.58 1.14 1.34 -1.29 0.39 1.75
-1.67 1.46 -1.52 0.13 0.35 1.47
0.97 -1.69 0.58 2.07 0.81 0.43
2.3 -1 0.76 1.06 1.6 1
0.37 -0.84 0.06 -0.72 -1.38 0.43
0.25 0.72 -0.85 -0.33 1.74 0.49
-2.07 -2.07 -1.58 -0.24 1.61 -0.79
-0.22 -1.73 0.29 -1.77 -0.63 -1.47
-2.02 0.55 1.2 0.7 -1.95 -0.66
-0.43 -0.32 -1.22 -1.03 1.18 1.25
-1.61 -1.63 -1.52 -2.24 0.08 -0.08
-0.64 -0.32 0.14 2.28 0.36 0.32
-1.37 -4.11 -0.15 -0.52 -0.3 -1.09
0.41 1.09 1.85 1.27 2.22 2.05
-0.62 -0.8 -0.24 0.68 -0.93 0.75
-1.59 -1.48 -0.05 -0.8 -1.69 1
0.85 0.17 0.19 0.69 1.07 -0.84
1.03 -1.55 -0.68 0.03 1.53 1.86
1.7 1.8 1.52 0.09 0.43 -0.7
-1.33 -0.11 -2.44 -1.19 0.28 -0.15
1.35 2.61 0.76 1.94 -0.49 0.68
-1.98 3.11 2.11 1.49 1.21 0.56
0.47 -0.3 -0.24 0.5 2.58 2.11
-0.4 0.88 -0.21 1.17 -0.26 0.91
0.69 0.41 -1.21 -0.65 -2.48 0.58
-0.6 -1.9 -1.29 -0.22 0.21 -0.22
-0.62 1.24 -0.87 -0.48 -0.87 -2.24
-0.09 2.28 -0.17 -1.16 2.05 1.39
-0.21 1.54 -1.43 -0.95 -0.42 0.48
-1.64 -1.09 1.43 -0.47 -1.66 -1.36
2.61 2.41 -3.19 0.36 2.38 -0.87
-0.41 0.45 -1.41 -0.05 0.2 -0.06
0.79 -0.11 -0.4 0.72 -0.4 -0.28
-0.29 1.22 -2.37 -1.92 0.74 1
-2.48 -3.2 1.2 1.17 0.08 0.75
2.75 1.15 1.93 -0.02 1.13 0.5
1.29 0.38 -1.3 1.37 1 1.08
-0.2 0.95 -0.52 3.58 -1.82 0.15
1.79 2.38 0.18 -0.39 0.26 -1.73
-1.87 -3.25 -2.48 -1.06 0.15 2.86
-0.94 -0.35 -0.74 -0.21 1.01 1.24
2.4 -0.18 -1.57 1.58 0.87 2.08
1.62 0.48 0.29 -0.26 -0.09 -1.43
-1.85 0.13 -0.15 -0.98 0.26 -0.08
0.84 0.96 0.03 0.5 1.17 -0.52
1.22 0.69 2.96 1.74 0.67 1.72
0.13 -0.1 -1.23 -2.39 0.53 1.35
-0.19 1.53 1.54 3.47 -0.65 -1.15
1.7 1.55 -0.17 -0.88 -0.1 0.01
0.71 0.75 -0.78 -0.49 -1.69 1.66
1.4 0.75 2.33 0.16 0.53 -0.79
1.1 1.95 -1.36 0.51 -0.13 1.37
-0.42 -0.78 -0.43 0.29 -0.52 -2.2
-1 0.16 -1.57 -2.68 0.64 1.16
0.5 1 0.5 -0.53 -1.52 -0.47
1.26 -0.29 2.15 1.33 -0.88 -0.01
-1.24 -0.11 -0.46 1.94 -1.24 0.58
-0.99 1.21 -1.03 1.22 -0.29 -2.29
1.06 0.84 3.78 3.95 -0.67 1.5
2.19 2.11 0.75 0.92 1.38 0.8
-0.85 -0.77 -1.56 -0.01 0.02 -1.01
-0.88 0.42 -1.84 -0.88 0.49 -0.55
-1.24 -0.22 -1.71 -0.01 2.89 -0.57
0.2 -0.68 -0.96 -0.23 1.03 -0.41
0.81 0.26 -1.89 -1.02 2.21 -0.13
0.98 1.83 1.61 -0.02 2.44 2.2
0.06 1.4 1.27 1.27 0.96 0.34
0.62 -0.18 -1.01 -1.29 -0.91 -1.11
0.35 0.3 0.32 2.41 -0.47 -0.66
-0.36 1.5 -0.68 0.3 -1.94 -2.87
-1.76 1.1 0.11 -0.1 0.58 0.28
-2.8 -2.14 1.07 0.93 -0.6 -1.66
-0.13 -0.87 1 -0.84 0.43 0.11
1.31 -1.05 1.42 1.17 -0.33 -0.04
1.8 0.71 0.12 -1.94 -0.98 -0.9
1.42 -0.22 0.65 2.69 -1.16 -0.48
1.02 -0.92 2.68 0.55 -2.42 -2.09
2.38 2.14 -0.5 2.16 0.45 1.43
0.94 0.2 -0.2 0.06 2.71 -1.03
-0.53 -0.11 -0.38 0.46 1.31 -0.29
-0.78 -0.93 -0.3 -1.21 0.68 0.25
-2.21 -2.1 -0.54 0.15 -1.09 -0.86
0.06 -0.85 -1.03 -1.67 0.94 0.18
0.8 1.13 1.11 -0.52 -0.03 0.35
1.01 -0.32 0.11 1.3 1.39 0.26
0.49 1.04 0.87 -0.51 0.14 -0.2
-0.63 0.56 -0.39 0.87 -0.98 -0.38
-0.14 -0.32 -0.16 -1.12 0.5 -1.49
1.35 -0.32 1.06 1.19 -1.9 -0.07
-0.21 0.2 0.14 0.53 0.67 -1.87
0 0.66 3.67 1.36 0.48 1.52
0.26 0.74 -0.48 0.93 1.36 -1.06
-3.25 -0.96 -1.78 -2.47 -0.02 1.27
0.3 -1.64 -0.85 0.01 -0.24 -3.06
-0.37 1.04 0.31 0.88 -1.08 -2.17
1.12 -1.64 0.24 -0.54 0.98 -1.82
0.06 0.7 2.1 -0.87 -1.17 0.43
-2.16 -3.43 -1.14 -0.76 0.19 0.25
-1.55 0.9 -0.15 -0.46 1.26 0.58
1.38 2.44 -1.32 1.1 0.22 -1.53
-0.15 0.04 0.5 0.33 -0.69 -1.78
2.03 -1.12 1.91 2.07 -0.51 -0.36
0.49 -1.26 -0.18 0.38 -1.98 0.7
-0.38 -0.76 -2.03 -1.88 1.71 -1.32
-1.14 0.55 1.36 -0.3 -0.1 0.65
-1.47 0.27 1.77 1.23 -0.46 0.52
0.93 -0.93 0.73 -0.85 -0.36 0.47
0.01 0.19 1.19 -1.16 -1.9 -0.7
1.22 -1.23 2.38 1.33 -0.5 -0.09
-0.12 -2.01 -1.09 -1.41 0.54 0.54
1.4 1.86 -1.3 0.79 0.4 -0.82
-0.14 0.5 2.67 1 1.68 1.95
-1.37 -0.22 -2.45 -1.62 0.02 0.21
-0.55 -0.61 1.59 1.29 -0.7 -0.53
0.63 -0.98 -2.16 0.13 -1.44 -0.53
1.67 0.95 0.5 1.5 0.23 -0.65
-0.34 0.39 -0.31 1.42 -1.23 1.1
0.66 1.97 0.82 0.3 0.56 0.14
-1.15 -1.71 -1.38 -0.58 0.33 -1.75
-2.39 -1.57 0.08 -1.01 -0.4 -1.39
0.38 0.49 -0.82 0.3 0.91 -0.13
-0.45 -0.03 -0.2 0.94 0.5 1.92
0.1 0.75 0.42 0.44 0.08 -0.14
-1.66 0.48 -1.07 -1.66 -0.75 -0.63
2.22 -0.69 0.75 1.4 -0.66 1.13
2.02 0.61 1.99 -0.24 1.16 0.36
-0.59 -2.1 -1.35 -0.75 0.62 -0.29
-0.41 -1.02 0.68 -1.07 1.15 0.92
1.94 1.25 2.68 0.16 0.72 2.19
2.49 3.31 0.58 1.37 -0.32 1.06
-0.22 0.27 0.89 0.57 -2.61 -0.15
-0.42 -0.87 1.73 1.07 1.17 0.22
0.97 0.88 0.31 -0.17 0.25 2
-0.27 -1.96 -0.89 0.36 -0.76 -1.98
0.91 1.15 1.36 1.51 0.06 -0.11
-2.57 -2 -0.82 -0.79 -1.72 0.29
0.44 0.37 -1.14 0.16 0.18 0.15
-0.23 0.98 1.18 -0.15 -1.09 0.56
-0.39 -0.27 -0.32 1.03 1.57 -0.95
-1.38 -2.84 -0.67 -0.36 -0.16 2.75
0.69 3.04 0.03 -0.06 1 -1.04
-0.21 -0.13 -0.5 -0.95 0.17 1.03
0.97 1.4 0.38 0.63 -0.67 0.19
2.56 0.76 0.44 -0.19 0.1 2.14
-1.6 -2.55 -0.38 -0.04 -0.87 -0.78
0.41 -0.05 0.66 1.34 -1.37 -1.93
-3.11 -1.13 1.81 0.06 -1.2 0.89
0.39 0.85 -1.22 -1.17 -0.88 -1.2
1.31 0.98 -0.94 0.01 1.58 0.25
-0.12 -1.26 1.24 -1.45 -2.6 -0.18
1.64 2.18 1.2 0.65 1.46 -0.07
1.97 -0.23 -1.58 -0.03 2.18 -0.19
0.62 -1.13 -1.37 1.37 0.73 1.86
1.29 1.58 1.89 0.75 -0.57 -0.63
1.29 0.46 2.55 1.09 -0.81 -0.47
-0.92 0.88 -0.5 -1.75 -0.72 -0.04
0.32 0.29 -0.36 1.78 0.34 -1.42
-0.95 -0.29 -0.43 0.97 0.16 -0.49
0.57 0.35 -0.01 1.35 2.95 2.77
0.87 -0.28 2.29 0.62 -0.96 1.25
-2 -1.27 -1.65 -0.11 -0.69 -1.69
-2.16 -1.55 0.84 -0.4 -0.72 0.57
-0.35 -0.79 -2.69 -0.37 -0.33 0.77
-0.17 0.11 -0.65 0.7 -0.32 -0.14
0.44 -1.43 -2.24 -1.14 1.09 1.82
0.81 1.5 1.31 0.75 -2.82 0.02
-1.85 -1.21 -1.5 0.68 -1.45 -1.66
-1.74 -1.55 0.77 0.88 -0.61 -1.65
-1.69 1.78 -1.13 -0.6 1.88 -0.51
1.46 0.35 -0.4 -3.06 1.1 2.42
0.51 -0.14 -0.45 1.09 0.86 0.07
0.52 0.53 0.07 -0.21 0.56 0.33
2.08 -0.74 1.42 1.2 -1.63 -0.48
2.08 1.7 2.07 0.21 -0.29 -0.03
0.9 0.26 0.15 0.19 1.45 1.81
3.13 -1.38 -1.78 -0.93 -1.49 -0.88
2.92 1.22 -0.94 -1.13 0.55 1.79
-1.73 1.04 1.48 -0.29 -0.28 0.13
-0.39 -0.54 -0.97 -1.28 -1.44 -0.58
-0.18 -1.11 2.39 1.13 0.35 -0.53
-0.44 0.15 1.01 0.6 -0.04 -0.24
0.01 -2.21 -2.88 -0.89 -0.47 4.45
-1.81 -2.49 -0.87 -2.28 0.91 1.6
-0.32 0.18 0.06 -1.41 1.42 0.01
-0.03 2.04 2.15 0.4 -0.52 -0.04
-0.64 -1.1 0.16 1.81 -1.5 -1.86
-2.11 -2.5 -1.51 -1.93 -1.2 0.8
-0.32 -1.05 -2.11 -2.35 -1.87 1.45
0.85 0.95 1.02 0.18 2.18 0.21
-0.03 -0.99 -1.08 -1.38 -0.44 -0.32
-0.94 -0.48 1.01 0.04 -0.35 0.37
-0.89 -0.57 2.02 0.18 -0.73 -0.01
-0.16 1.86 0.93 -0.92 0.2 -1.34
2.63 4.26 1.13 3.14 3.06 3.69
0.73 1.48 0.34 0.11 2.24 -0.83
1.27 1.21 0.4 1.17 -0.42 0.36
-1.66 -0.33 -0.87 1.71 2.46 0.39
-1.72 0.5 -1.21 1.02 1.6 -0.68
0.3 1.19 0.12 1.19 -0.02 -1.24
-1.98 -2.2 0.9 1.46 -0.17 0.97
2.22 1.64 0.25 1.21 1.32 0.35
3.08 0.85 2.55 2.32 2.18 0.68
0.97 1.79 0.69 2.28 0.68 -1.11
2.26 1.37 0.3 0.07 -0.37 -1.1
1.85 2.98 0.16 0.05 -0.13 -1.79
-0.81 0.4 -0.56 -0.19 0.22 1.47
-1.17 -1.12 -0.11 3.27 2.57 1.23
0.13 -0.04 0.87 -0.88 -0.47 2.08
-0.12 -0.06 -0.75 0.24 -0.65 -1.19
-1.06 -0.96 -1.99 -2.32 -0.71 0.62
1.33 -1.73 -1.15 -0.22 0.68 -1.85
-0.15 0.8 0.72 1.91 0.48 1.89
-1.46 -1.06 0.29 -1.26 0.16 -0.9
0.4 -1.3 -1.64 0.72 0.26 -0.83
-2.17 0.35 -1.57 0.87 0.35 -1.3
1.25 3.1 0.19 0.82 0.59 -0.42
2.18 2.82 1.19 -0.62 1.12 1.23
-0.51 1.31 2.41 -1.17 -1.13 0.6
-0.61 -1.17 -1.69 -0.03 -1.56 1.78
-1.15 0.38 0.15 -1.31 -0.21 1.93
-0.39 -0.45 -0.14 -0.11 -1 0.79
0.23 -0.79 0.75 -2.05 -0.81 0.53
1.37 3.16 0.16 -2.3 -0.23 0.71
1.52 -1 -1.17 -1.1 0.17 0.85
-0.07 0.15 1.24 -0.92 2.44 0.12
-0.15 3.64 0.48 0.41 1.16 2.61
0.05 1.03 -0.35 0.31 -0.64 -1.11
-0.82 -1.57 -0.03 0.53 -0.1 0.98
3.08 1.27 3.19 0.76 -0.88 -0.91
1.54 1.09 -2.37 -0.81 1.61 -0.12
1.21 0.18 -0.31 0.95 0.25 0.1
0.36 0.48 1.55 0.85 0.62 0.79
0.73 0.4 1.94 2.74 -1.13 -1.28
-0.08 1.66 2.55 1.68 -1.67 0.61
0.51 -1.59 -1.75 -1.73 3.08 2.08
1.68 0.29 -0.6 -1.04 -0.32 1.46
-0.17 -1.62 -0.04 -1.58 -0.46 1.32
-0.94 0.27 -2.39 -0.94 -0.3 1.04
-1.01 -0.45 -1.22 -1.83 -0.39 0.23
-1.43 -0.73 0.48 1.74 0.42 -1.13
1.82 -0.09 2.13 -0.49 -0.32 0.93
0.42 -0.92 0.17 0.17 0.88 -1.38
-3.33 -0.92 -1.8 0.17 -0.37 -1.94
-1.67 -0.7 -2.46 -1.66 3.07 0.96
-1.45 -3.16 -0.21 -1.51 1.76 -0.67
-0.94 -2.51 -2.03 -2.36 1.33 1.78
1.7 -0.2 -2.4 -1.01 1.38 1.86
-1.16 -1.34 -2.84 -3.84 -0.27 0.34
2.06 1.46 1.88 0.2 1.54 -0.93
-2.71 -1.84 -3.65 -1.28 0.67 -1.21
-0.15 1.03 -2.31 -1.6 0.6 -1.22
0.76 -0.73 0.46 2.02 -0.04 -1.06
0.99 0.61 -0.87 -0.59 -0.97 1.77
0.69 1.74 0.25 0.65 2.27 -0.63
1.74 -0.21 1.15 0.08 1.34 0.1
-1.46 2.12 -1.59 -2.35 -0.1 -0.74
-0.09 0.6 -0.28 -0.81 1.24 -0.07
0.58 -0.83 1.32 -0.01 -1.42 -0.03
-0.85 -2.74 0.02 0.32 -1.28 -1.08
0.09 3.3 -1.43 0.73 0.4 0.46
0.24 1.36 2.19 0.48 -0.77 2.74
-1.42 -0.92 -1.24 -2.89 0.81 0.64
0.24 -0.17 -1.45 -1.5 0.14 0.84
-1.63 -1.78 2.02 2.75 -1.01 -0.67
-1.39 -2.37 -2.08 -0.27 -0.87 -0.92
-1.45 -1.41 -1.69 -1.3 1.05 -1
1.17 4.02 1.93 0.93 1.07 1.8
-0.56 -1.32 -2.7 -1.63 -1.51 -0.04
-1.99 -0.3 -0.71 -2.39 -0.68 -0.12
0.24 -0.32 -0.31 0.79 -0.97 -1.19
0.57 -0.22 0.39 1.98 -3.33 -1.16
-0.61 -1.35 -1.79 0.6 -0.92 0.64
0.22 0.11 3.38 1.03 -0.2 -0.15
0.89 0.55 0.85 1.5 -0.27 -0.51
-0.63 -1.67 2.13 1.12 -0.87 0.28
0.46 -1.99 -1.16 -2.57 -1.64 -0.43
-2.51 -0.55 1.31 0.88 -1.15 -2
0.96 -0.01 -3.45 -1.83 -0.62 0.79
0.85 0.89 1.96 1.09 -1.03 0.85
0.43 1 1.79 -1.4 1.15 -0.38
1.29 -0.63 0.37 -0.86 0.18 -0.15
-1.7 -0.84 -0.17 -2.26 1.15 0.28
1.83 -0.84 1.04 0.32 -1.65 0.46
-0.89 -0.58 -0.21 -2.1 1.55 -0.41
0.45 -0.38 -0.32 -1.19 0.55 0.16
0.99 2.39 -0.34 0.66 -0.74 0
-0.72 1.29 0.89 0.86 -0.73 1.06
0.48 -1.03 1.02 0.24 -1.06 -2.83
1.51 0.76 -0.96 -0.93 0.97 -0.36
0.72 1.28 0.4 0.27 1.31 0.39
-2.9 -1.35 -1.73 1.74 2.02 1.16
-0.68 0.27 2.87 1.02 1.84 0.66
0.54 -1.56 -0.08 0.69 1.46 0.73
-2.54 -1.05 0.23 0.11 -1.67 -0.25
-0.77 -0.77 0.78 -2.74 0.5 0.47
1.83 -0.89 -1.19 2.5 -0.69 -1.44
-0.1 2.77 -1.88 -2.53 0.15 0
-0.36 -1.53 0.17 0.08 -0.37 0.15
0.78 -0.94 -1.23 -1.17 -1.01 0.97
1.02 0.79 0.3 0.83 -1.1 -0.64
0.81 0.32 0.52 1.61 0.17 -0.5
-1.71 -0.55 -0.59 -0.65 -1.14 0.23
0.01 0.78 0.14 -0.98 -1.67 -1.29
0.37 2.77 0.22 3.31 0.12 -0.89
0.02 -1.35 -2.02 -1.12 1.5 0.06
-1.03 0.74 -0.31 -0.41 1.47 -0.83
0.59 -0.17 2.25 1.93 -0.65 2.11
-1.26 -0.45 -1.31 -1.52 0.99 -0.91
0.14 0.06 -0.08 0.2 -0.48 1.23
-2.42 -1.8 -0.96 -0.91 -0.47 -1.48
1.6 0.56 1.36 0.82 0.39 -1.32
0.18 -0.26 1.49 -1.84 1.16 -0.54
-1.36 -1.03 1.33 -0.41 -1.33 0.64
-2.26 -2.22 -0.54 -1.12 -0.91 -0.53
0.17 0.28 1.72 -0.26 0.45 0.22
-0.56 0.5 -1.21 -1.25 -0.6 0.33
1.93 3.52 0.59 2.28 1.1 1.34
2.78 0.25 -0.33 1.92 1.62 1.23
1.09 -0.89 2.85 0.62 -0.33 -0.36
-0.79 0.67 1.25 -0.39 -0.88 -0.77
1.48 3.59 -1.19 -2 0.65 1.86
0.37 -0.62 -1.59 -0.44 -0.76 -0.15
0.44 0.75 1.85 -1.16 -1.01 0.75
0.49 0.57 -1.15 -0.67 -1.14 3.2
-2.17 -1.39 0.96 -0.52 -0.67 0.52
0.32 2.37 -1.11 -1.81 -0.73 1.91
-0.75 -0.46 0.22 0.21 -0.14 -0.01
0.18 1.8 -0.89 2.73 2.78 0.71
0.1 -1.16 0.44 0.47 -0.52 1.63
1.25 1.65 0.54 1.27 -2.53 -2.19
2.36 -0.23 0.67 3.4 1.54 1.54
1.2 -1.29 -0.06 -0.51 -0.32 0.05
-2.1 -1.15 0.07 1.39 -1.7 0.66
-0.13 -0.79 0.08 0.13 -0.05 -0.66
2.08 2.17 1.16 0.05 -0.18 0.85
0.12 -0.18 -1.22 0.25 -1.11 0.52
1.1 1.96 0.86 1.2 -2.62 0.57
-0.49 -1.34 -0.77 -1.15 -1.9 0.78
-1.8 -1.65 -0.48 -1.04 -0.28 -2.39
0.96 0.92 0.39 1.29 -1.41 -0.81
-0.67 -2.3 -0.6 0.38 -0.4 -0.17
-1.6 -0.88 -4.01 -3.25 -0.4 1.26
-1.08 0.12 -0.18 0.4 2.43 1.15
-0.62 -0.57 -0.04 0.11 2.67 1.44
-1.55 -1.5 -1.4 -0.36 1.23 0.79
-2.14 0.26 -1.82 -1.79 0.62 -1.46
1.85 -0.85 0.65 -0.68 0.56 1.49
-1.84 0.24 -0.23 0.89 -0.49 0.2
1.66 2.35 -0.02 3.33 0.94 1.03
-2.55 -0.42 -0.9 -0.05 -1.73 -0.64
-0.72 -0.53 -0.2 -1.65 -0.37 -0.43
2.28 -0.05 -1.07 -2.42 1.32 0.16
-0.77 0.49 -1.59 0.44 -0.98 -0.5
0.15 -0.17 1.56 -0.14 -0.94 0.95
-2.73 -3.44 -2.02 -2.71 0.11 1.49
0.08 -0.21 -1.46 -1.66 -1.51 -1.18
1.98 -0.31 -1.35 0.57 -1.08 -1.41
0.48 -2.19 -2.16 -1.64 -0.1 -0.14
-2.42 -1.39 0.41 -1.76 -1.45 -1.47
-2.15 -2.77 -0.89 -0.65 1.85 -0.07
0.47 -3.88 0.21 0.75 1.39 1.31
-1.04 -0.55 0.13 -0.94 -0.08 1.81
1.78 1.53 2.27 1.73 2.08 -0.17
-1.07 -0.86 0.11 -0.03 -1.8 -1.44
1.22 1.08 0.09 -0.6 0.64 0.96
2.57 2.28 1.83 0.69 1.23 0.95
0.71 2.18 3.25 2.45 0.51 -0.52
0.27 -1.49 -0.44 -0.67 -0.74 -0.51
-0.62 1.05 -1.3 -0.49 0.82 2.02
-0.57 0.49 -0.57 -3.14 1.52 -1.05
-1.28 0.41 -1.4 -2.35 -0.19 -1.52
-2.95 -3.9 -0.66 -0.97 2.25 -0.27
1.81 -0.73 0.47 0.68 2.11 1.08
0.06 0.31 -0.78 -1.44 0.9 -1.29
1.17 0.68 -0.74 0.38 0.96 -0.64
